
INSERT INTO Shopping_cart (customer_id, product_id, SH_product_quantity)
VALUES
    (1, 6, 3), (1, 12, 5), (1, 18, 2), (1, 24, 4), (1, 30, 1),
    (1, 36, 3), (1, 42, 2), 
    (2, 7, 1), (2, 14, 3), (2, 21, 2), (2, 28, 4), (2, 35, 1),
    (2, 42, 3), (2, 49, 2), (2, 56, 5), (2, 63, 2),
    (3, 8, 3), (3, 16, 1), (3, 24, 2), (3, 32, 4), (3, 40, 1),
    (3, 48, 3), (3, 56, 2), 
    (4, 9, 1), (4, 18, 3), (4, 27, 2), (4, 36, 4), (4, 45, 1),
    (4, 54, 3), (4, 63, 2), (4, 1, 5), 
    (5, 11, 1), (5, 22, 3), (5, 33, 2), (5, 44, 4), (5, 55, 1),
    (5, 66, 3), (5, 2, 2), (5, 13, 5), (5, 24, 2), (5, 35, 4),
    (6, 46, 1), (6, 57, 3), (6, 68, 2), (6, 3, 4), (6, 14, 1),
    (6, 25, 3), (6, 36, 2), (6, 47, 5), (6, 58, 2), (6, 69, 4),
    (7, 5, 3), (7, 16, 1), (7, 27, 2), (7, 38, 4), (7, 49, 1),
    (7, 60, 3), (7, 71, 2), (7, 4, 5), 
    (8, 37, 1), (8, 48, 3), (8, 59, 2), (8, 70, 4), (8, 6, 1),
    (8, 17, 3), (8, 28, 2), (8, 39, 4), 
    (9, 72, 2), (9, 7, 5), (9, 18, 2), (9, 29, 4), (9, 40, 1),
    (9, 51, 3), (9, 62, 2), (9, 73, 4), (9, 5, 1), 
    (10, 27, 2), (10, 38, 4), (10, 49, 1), (10, 60, 3), (10, 71, 2),
    (10, 4, 5), 
	(11, 5, 2), (11, 10, 4), (11, 15, 1), (11, 20, 3), (11, 25, 2),
    (11, 30, 6), (11, 35, 1), (11, 40, 2), (11, 45, 4), 
    (12, 55, 1), (12, 60, 3), (12, 65, 2), (12, 70, 4), (12, 73, 1),
    (12, 3, 3), (12, 8, 2), 
    (13, 5, 2), (13, 10, 4), (13, 15, 1), (13, 20, 3), (13, 25, 2),
    (13, 30, 6), (13, 35, 1), 
    (14, 55, 1), (14, 60, 3), (14, 65, 2), (14, 70, 4), (14, 73, 1),
    (14, 3, 3), (14, 8, 2), (14, 13, 5), 
    (15, 5, 2), (15, 10, 4), (15, 15, 1), (15, 20, 3), (15, 25, 2),
    (15, 30, 6), (15, 35, 1), (15, 40, 2), (15, 45, 4), (15, 50, 5),
    (16, 55, 1), (16, 60, 3), (16, 65, 2), (16, 70, 4), (16, 73, 1),
    (16, 3, 3), (16, 8, 2), (16, 13, 5), (16, 18, 2), (16, 23, 4),
    (17, 5, 2), (17, 10, 4), (17, 15, 1), (17, 20, 3), (17, 25, 2),
    (17, 30, 6), (17, 35, 1), (17, 40, 2), 
    (18, 55, 1), (18, 60, 3), (18, 65, 2), (18, 70, 4), (18, 73, 1),
    (18, 3, 3), (18, 8, 2), (18, 13, 5), (18, 18, 2), 
    (19, 5, 2), (19, 10, 4), (19, 15, 1), (19, 20, 3), (19, 25, 2),
    (19, 30, 6), (19, 35, 1), (19, 40, 2), (19, 45, 4), 
    (20, 55, 1), (20, 60, 3), (20, 65, 2), (20, 70, 4), (20, 73, 1),
    (20, 3, 3), (20, 8, 2), (20, 13, 5), (20, 18, 2),
	(21, 5, 2), (21, 10, 4), (21, 15, 1), (21, 20, 3), (21, 25, 2),
    (21, 30, 6), (21, 35, 1), (21, 40, 2), (21, 45, 4),
    (22, 55, 1), (22, 60, 3), (22, 65, 2), (22, 70, 4), (22, 73, 1),
    (22, 3, 3), (22, 8, 2), (22, 13, 5), (22, 18, 2), (22, 23, 4),
    (23, 5, 2), (23, 10, 4), (23, 15, 1), (23, 20, 3), (23, 25, 2),
    (23, 30, 6), (23, 35, 1), (23, 40, 2), 
    (24, 55, 1), (24, 60, 3), (24, 65, 2), (24, 70, 4), (24, 73, 1),
    (24, 3, 3), (24, 8, 2), (24, 13, 5), (24, 18, 2), (24, 23, 4),
    (25, 5, 2), (25, 10, 4), (25, 15, 1), (25, 20, 3), (25, 25, 2),
    (25, 30, 6), (25, 35, 1), (25, 40, 2), (25, 45, 4), 
    (26, 55, 1), (26, 60, 3), (26, 65, 2), (26, 70, 4), (26, 73, 1),
    (26, 3, 3), (26, 8, 2), (26, 13, 5), (26, 18, 2), 
    (27, 5, 2), (27, 10, 4), (27, 15, 1), (27, 20, 3), (27, 25, 2),
    (27, 30, 6), (27, 35, 1), (27, 40, 2), (27, 45, 4), (27, 50, 5),
    (28, 55, 1), (28, 60, 3), (28, 65, 2), (28, 70, 4), (28, 73, 1),
    (28, 3, 3), (28, 8, 2), (28, 13, 5), (28, 18, 2), (28, 23, 4),
    (29, 5, 2), (29, 10, 4), (29, 15, 1), (29, 20, 3), (29, 25, 2),
    (29, 30, 6), (29, 35, 1), (29, 40, 2), (29, 45, 4), (29, 50, 5),
    (30, 55, 1), (30, 60, 3), (30, 65, 2), (30, 70, 4), (30, 73, 1),
    (30, 3, 3),
	(65, 5, 2), (65, 10, 4), (65, 15, 1), (65, 20, 3), (65, 25, 2),
    (66, 30, 6), (66, 35, 1), (66, 40, 2), (66, 45, 4), 
    (67, 55, 1), (67, 60, 3), (67, 65, 2), (67, 70, 4), (67, 73, 1),
    (68, 3, 3), (68, 8, 2), (68, 13, 5), (68, 18, 2), (68, 23, 4),
    (69, 5, 2), (69, 10, 4), (69, 15, 1), (69, 20, 3), (69, 25, 2),
    (70, 30, 6), (70, 35, 1), (70, 40, 2), (70, 45, 4), (70, 50, 5),
    (71, 55, 1), (71, 60, 3), (71, 65, 2), (71, 70, 4), (71, 73, 1),
    (72, 3, 3), (72, 8, 2), (72, 13, 5), (72, 18, 2), (72, 23, 4),
    (73, 5, 2), (73, 10, 4), (73, 15, 1), (73, 20, 3), (73, 25, 2),
    (74, 30, 6), (74, 35, 1), (74, 40, 2), (74, 45, 4), (74, 50, 5),
    (75, 55, 1), (75, 60, 3), (75, 65, 2), (75, 70, 4), (75, 73, 1),
    (76, 3, 3), (76, 8, 2), (76, 13, 5), (76, 18, 2), (76, 23, 4),
    (77, 5, 2), (77, 10, 4), (77, 15, 1), (77, 20, 3), (77, 25, 2),
    (78, 30, 6), (78, 35, 1), (78, 40, 2), (78, 45, 4), 
    (79, 55, 1), (79, 60, 3), (79, 65, 2), (79, 70, 4), (79, 73, 1),
    (80, 3, 3), (80, 8, 2), (80, 13, 5), (80, 18, 2), (80, 23, 4),
    (81, 5, 2), (81, 10, 4), (81, 15, 1), (81, 20, 3), (81, 25, 2),
    (82, 30, 6), (82, 35, 1), (82, 40, 2), (82, 45, 4), 
    (83, 55, 1), (83, 60, 3), (83, 65, 2), (83, 70, 4), (83, 73, 1),
    (84, 3, 3), (84, 8, 2), (84, 13, 5), (84, 18, 2),
	(110, 5, 2), (110, 10, 4), (110, 15, 1),
    (111, 20, 3), (111, 25, 2), 
    (112, 35, 1), (112, 40, 2), (112, 45, 4),
    (113, 50, 5), (113, 55, 1), (113, 60, 3),
    (114, 65, 2), (114, 70, 4), (114, 73, 1),
    (115, 3, 3), (115, 8, 2), (115, 13, 5),
    (116, 18, 2), (116, 23, 4), (116, 5, 2),
    (117, 10, 4), (117, 15, 1), (117, 20, 3),
    (118, 25, 2), (118, 30, 6), (118, 35, 1),
    (119, 40, 2), (119, 45, 4), (119, 50, 5),
    (120, 55, 1), (120, 60, 3), (120, 65, 2),
    (121, 70, 4), (121, 73, 1), (121, 3, 3),
    (122, 8, 2), (122, 13, 5), 
    (123, 23, 4), (123, 5, 2), (123, 10, 4),
    (124, 15, 1), (124, 20, 3), (124, 25, 2),
    (125, 30, 6), (125, 35, 1), (125, 40, 2),
    (126, 45, 4), (126, 50, 5), (126, 55, 1),
    (127, 60, 3), (127, 65, 2), (127, 70, 4),
    (128, 73, 1), (128, 3, 3), (128, 8, 2),
    (129, 13, 5), (129, 18, 2), (129, 23, 4),
    (130, 5, 2), (130, 10, 4), (130, 15, 1),
    (131, 20, 3), (131, 25, 2), (131, 30, 6),
    (132, 35, 1), (132, 40, 2), 
    (133, 50, 5), (133, 55, 1), (133, 60, 3),
    (134, 65, 2), (134, 70, 4), (134, 73, 1),
    (135, 3, 3), (135, 8, 2), (135, 13, 5),
    (136, 18, 2), 
	(155, 5, 2), (155, 10, 4),
    (156, 15, 1), (156, 20, 3),
    (157, 25, 2), (157, 30, 6),
    (158, 35, 1), (158, 40, 2),
    (159, 45, 4), (159, 50, 5),
    (160, 55, 1), (160, 60, 3),
    (161, 65, 2), (161, 70, 4),
    (162, 73, 1), (162, 3, 3),
    (163, 8, 2), (163, 13, 5),
    (164, 18, 2), (164, 23, 4),
    (165, 5, 2), (165, 10, 4),
    (166, 15, 1), (166, 20, 3),
    (167, 25, 2), (167, 30, 6),
    (168, 35, 1), (168, 40, 2),
    (169, 45, 4), (169, 50, 5),
    (170, 55, 1), (170, 60, 3),
    (171, 65, 2), (171, 70, 4),
    (172, 73, 1), (172, 3, 3),
    (173, 8, 2), (173, 13, 5),
    (174, 18, 2), (174, 23, 4),
    (175, 5, 2), (175, 10, 4),
    (176, 15, 1), (176, 20, 3),
    (177, 25, 2), (177, 30, 6),
    (178, 35, 1), (178, 40, 2),
    (179, 45, 4), (179, 50, 5),
    (180, 55, 1), (180, 60, 3),
    (181, 65, 2), (181, 70, 4),
    (182, 73, 1), (182, 3, 3),
    (183, 8, 2), (183, 13, 5),
    (184, 18, 2), (184, 23, 4),
    (185, 5, 2), (185, 10, 4),
    (186, 15, 1), (186, 20, 3),
    (187, 25, 2), (187, 30, 6),
    (188, 35, 1), (188, 40, 2),
    (189, 45, 4), (189, 50, 5),
    (190, 55, 1), (190, 60, 3),
    (191, 65, 2), (191, 70, 4),
    (192, 73, 1), (192, 3, 3),
    (193, 8, 2), (193, 13, 5),
    (194, 18, 2), (194, 23, 4),
    (195, 5, 2), (195, 10, 4),
    (196, 15, 1), (196, 20, 3),
    (197, 25, 2), (197, 30, 6),
    (198, 35, 1), (198, 40, 2),
    (199, 45, 4), (199, 50, 5),
    (200, 55, 1), (200, 60, 3);
